675
861
841
811
789
738
317
428
525
442
255
45
458
657
233
882
276
259
167
155
643
102
775
722
834
709
613
686
493
967
84
686
488
762
151
413
377
82
71
367
604
719
148
761
633
403
392
916
436
425
895
183
499
116
539
665
857
746
995
560
188
788
269
57
641
625
174
503
755
672
892
749
936
945
582
783
367
876
242
475
520
837
665
314
979
845
357
386
133
505
618
212
375
36
610
379
827
969
121
605
380
54
604
341
119
619
877
814
880
782
221
383
540
868
755
38
435
790
970
651
49
494
803
611
714
507
970
93
256
982
241
471
555
307
532
710
428
690
679
153
143
555
179
963
941
919
870
814
822
254
479
769
124
549
494
844
644
175
831
388
602
970
819
401
934
669
851
246
499
781
718
858
162
756
655
889
420
764
636
470
649
778
281
818
224
755
767
759
181
734
806
399
214
945
904
784
121
618
13
33
151
775
905
680
497
999
382
273
656
276
404
913
184
985
381
700
894
550
623
943
312
552
376
724
375
768
797
295
218
345
831
262
733
294
136
611
924
88
122
795
226
433
809
703
676
272
141
628
891
209
100
693
280
336
77
632
279
587
129
76
440
202
843
892
459
369
820
898
177
674
584
347
241
385
193
560
167
568
50
502
332
265
213
436
9
760
464
88
784
35
416
768
310
941
976
499
652
808
22
694
476
739
201
573
135
440
848
813
847
973
51
468
676
577
740
966
237
981
739
718
989
266
8
330
169
103
251
864
911
852
16
306
424
864
826
920
184
760
379
114
483
177
562
29
924
514
131
204
62
769
547
525
391
798
891
497
692
607
894
67
48
272
587
269
354
500
829
36
757
489
499
998
900
181
216
203
790
799
293
320
566
583
453
827
22
39
895
780
687
670
586
482
752
190
571
679
768
385
501
183
201
423
130
386
223
512
622
571
585
93
958
214
291
679
635
432
425
320
872
293
423
498
664
323
189
152
736
673
375
361
546
772
839
879
248
180
608
571
72
512
84
848
469
691
253
771
478
678
747
693
983
356
136
731
144
363
736
382
833
969
197
881
734
830
844
350
897
122
951
369
747
201
736
220
106
149
972
163
574
680
932
516
348
39
392
156
466
808
50
722
900
416
222
432
181
611
198
423
730
401
403
862
709
193
56
719
301
980
320
392
923
446
679
323
929
495
278
917
245
352
296
103
438
711
827
913
238
983
555
165
783
924
826
432
432
372
322
241
829
946
888
59
563
774
306
57
426
311
839
128
880
170
424
922
693
493
811
504
308
575
355
375
916
162
540
643
607
984
16
606
151
690
880
241
876
571
951
623
551
948
845
320
351
904
841
23
919
980
530
284
851
280
458
247
264
376
608
679
329
961
895
121
497
126
938
869
167
576
202
714
523
755
150
608
962
262
724
605
573
430
291
486
890
130
659
459
728
535
347
675
738
46
558
353
18
744
250
523
998
900
47
908
193
764
139
538
347
264
901
389
715
982
241
52
256
305
325
48
185
220
285
431
950
178
406
890
602
623
857
41
968
98
957
183
573
70
435
33
309
629
870
273
500
507
26
264
399
457
428
30
581
255
598
318
481
736
91
693
854
936
276
986
22
690
268
894
556
941
806
276
218
771
732
668
156
747
860
790
608
110
656
526
16
382
969
388
729
504
474
621
898
355
425
843
991
844
967
871
550
472
911
566
404
826
488
159
112
126
373
291
228
333
318
335
946
236
334
297
88
561
925
553
992
962
810
129
963
936
510
592
496
709
826
332
514
514
467
291
877
969
58
787
990
419
812
79
279
651
291
175
572
306
51
913
615
125
977
732
739
283
241
56
57
575
657
520
442
410
291
18
104
696
604
320
100
82
273
826
744
849
887
958
530
951
54
700
758
627
24
776
955
531
4
437
965
917
197
616
424
312
714
613
6
298
892
642
500
604
891
720
908
186
408
957
899
449
601
442
770
727
871
748
157
313
814
742
511
810
164
484
598
210
662
517
636
346
518
314
886
986
489
309
472
919
29
19
672
31
859
759
98
480
280
724
468
227
97
578
812
742
426
65
904
825
237
619
581
532
762
387
836
754
65
979
490
672
280
833
729
700
284
116
444
141
28
917
327
155
827
862
467
83
93
737
990
503
578
930
194
95
788
990
81
851
374
736
533
51
162
763
539
982
510
486
234
588
804
413
650
605
958
736
555
502
924
218
159
161
604
966
798
50
927
555
905
48
851
695
658
473
506
345
83
5
450
341
543
91
465
825
388
554
45
281
915
308
632
561
947
364